100 300
12 92
49 52
40 28
37 2
14 30
8 41
1 22
6 95
13 39
40 39
35 11
30 83
45 56
13 5
4 9
31 60
1 23
2 6
49 59
17 51
11 92
5 47
22 61
5 83
22 81
39 82
42 13
38 71
5 34
8 11
39 36
9 40
5 42
14 29
29 35
27 36
8 52
24 69
30 22
38 17
49 19
2 100
10 68
36 50
21 10
28 56
28 78
46 25
19 73
47 39
43 71
18 8
26 2
45 60
32 19
29 85
42 37
13 75
32 77
50 5
18 80
16 54
23 82
10 88
26 88
36 59
45 53
40 15
13 50
9 55
7 30
4 1
22 34
49 78
5 6
22 79
31 64
30 92
49 66
18 56
47 18
5 29
30 67
8 34
23 23
22 30
28 8
1 47
49 68
6 46
7 64
25 13
19 1
9 38
39 80
1 26
31 8
17 30
15 39
3 68
