100 39
39 18
27 59
30 20
20 74
10 90
14 77
1 81
35 39
36 58
44 37
45 79
17 26
29 4
26 97
36 56
25 70
20 11
17 8
50 52
33 87
18 34
31 98
18 54
36 82
33 12
11 95
47 56
38 90
46 63
31 53
42 18
12 75
12 36
10 19
3 67
5 86
42 13
20 54
37 12
37 22
38 55
41 35
10 98
23 50
44 20
19 55
46 48
42 16
29 71
35 91
46 43
47 31
40 15
39 90
38 57
50 42
4 11
8 65
35 59
22 99
19 65
2 78
6 6
47 29
25 22
11 48
19 42
34 23
27 60
14 73
6 42
32 63
48 73
15 88
23 41
16 80
3 85
3 80
49 5
7 28
31 99
4 71
49 6
1 70
35 68
33 27
13 4
32 84
23 27
9 65
12 30
46 66
31 63
3 49
39 67
12 58
43 73
27 32
4 97
28 87
