100 9
4 16
50 99
15 42
50 95
42 16
22 86
39 71
37 9
14 64
19 92
37 82
36 19
38 55
3 95
19 11
7 12
13 83
18 45
6 17
43 93
47 1
36 69
28 55
2 26
23 5
48 24
15 60
46 67
46 59
41 1
35 52
43 96
1 29
1 69
21 4
50 13
35 42
13 67
24 78
18 23
42 10
28 42
32 50
16 25
27 75
2 90
41 2
19 56
1 30
28 2
23 7
29 43
2 51
19 93
20 78
25 96
31 53
34 56
19 48
22 54
42 36
6 70
18 42
9 12
50 29
29 5
32 82
6 84
6 82
28 14
1 11
9 85
37 83
48 44
49 38
20 28
10 10
21 10
35 7
47 93
11 80
15 96
7 72
4 47
44 54
2 98
23 91
6 43
4 84
41 6
19 23
33 29
26 69
49 73
39 87
21 6
38 29
42 29
31 42
28 88
