100 9
4 22
16 6
3 48
35 33
48 8
29 72
36 28
1 89
3 89
41 83
30 20
16 3
22 1
21 80
47 45
18 44
15 15
29 61
10 100
12 64
5 79
12 36
42 61
29 11
34 13
28 29
18 36
46 81
47 20
43 55
4 78
11 90
14 61
47 11
27 85
38 54
37 88
20 50
40 54
19 83
17 91
10 89
4 13
11 50
40 14
45 88
39 36
9 86
42 60
43 37
39 24
28 1
35 100
3 60
39 22
40 65
5 73
50 10
10 87
43 97
33 47
16 75
17 94
32 68
34 15
39 78
23 64
44 49
22 15
6 80
40 3
29 34
31 80
42 57
1 44
38 51
32 86
46 70
42 79
14 81
16 64
5 2
16 67
20 16
2 33
22 78
18 83
34 9
10 68
18 100
16 22
10 58
47 36
20 63
7 8
3 84
33 17
45 5
26 15
14 36
