100 700
12 95
17 66
36 54
35 27
29 25
18 82
18 30
20 54
39 34
50 52
30 94
13 51
37 35
41 100
23 44
6 92
14 89
10 53
18 50
9 42
15 46
49 9
16 68
42 52
11 69
7 48
9 4
7 92
14 6
27 61
22 94
38 4
2 4
49 61
44 56
30 66
33 38
13 59
9 91
36 61
11 82
38 68
40 64
26 2
21 65
24 81
21 60
4 99
3 69
33 20
34 97
8 36
50 74
30 79
2 31
5 97
21 78
44 69
34 67
36 1
45 8
37 43
50 60
20 90
1 96
30 4
27 33
30 55
36 73
38 25
36 88
43 41
23 46
40 78
28 46
33 6
12 19
14 43
30 76
50 57
1 53
36 68
24 95
35 83
22 81
39 2
46 29
35 63
31 65
24 39
50 63
30 92
37 33
11 58
8 29
38 98
4 60
15 77
44 53
13 13
